age4050=0.3267973856
age5060=0.4248366013
age6070=0.2091503268
age7080=0.0392156863
age8090=0.0000000000
age90100=0.0000000000
